[gd_scene load_steps=17 format=3 uid="uid://bfy23ob72fxrs"]

[ext_resource type="PackedScene" uid="uid://dtc4e16o2l3bu" path="res://Models/enemy.glb" id="1_02kka"]
[ext_resource type="PackedScene" uid="uid://l0lci7vh8o5p" path="res://Nodes/Gun.tscn" id="2_abj5j"]
[ext_resource type="Script" path="res://Scripts/enemy.gd" id="2_hrcg6"]
[ext_resource type="PackedScene" uid="uid://bmhfbgeuis7hx" path="res://Models/Pistol_Full_West.glb" id="4_02yde"]
[ext_resource type="PackedScene" uid="uid://bbs0lre55ja1f" path="res://Models/Rifle_Battle_West.glb" id="5_yu0gr"]
[ext_resource type="Script" path="res://Scripts/bodyPart.gd" id="6_cbsr7"]

[sub_resource type="CapsuleShape3D" id="CapsuleShape3D_m0on2"]
radius = 13.296
height = 26.592

[sub_resource type="CapsuleShape3D" id="CapsuleShape3D_ja1y8"]
radius = 16.614
height = 67.825

[sub_resource type="CapsuleShape3D" id="CapsuleShape3D_8cy76"]
radius = 6.187
height = 33.702

[sub_resource type="CapsuleShape3D" id="CapsuleShape3D_qgw32"]
radius = 6.661
height = 37.019

[sub_resource type="CapsuleShape3D" id="CapsuleShape3D_23l26"]
radius = 4.765
height = 34.372

[sub_resource type="CapsuleShape3D" id="CapsuleShape3D_abp65"]
radius = 4.291
height = 30.857

[sub_resource type="CapsuleShape3D" id="CapsuleShape3D_08prb"]
radius = 9.031
height = 53.606

[sub_resource type="CapsuleShape3D" id="CapsuleShape3D_jc5t0"]
radius = 9.978
height = 53.739

[sub_resource type="CapsuleShape3D" id="CapsuleShape3D_13uwq"]
radius = 6.2
height = 47.184

[sub_resource type="CapsuleShape3D" id="CapsuleShape3D_umu1d"]
radius = 6.187
height = 52.184

[node name="Enemy" instance=ExtResource("1_02kka")]
script = ExtResource("2_hrcg6")

[node name="Armature" parent="." index="0"]
transform = Transform3D(-0.01, -8.74228e-10, 3.82137e-17, 0, -4.37114e-10, -0.01, 8.74228e-10, -0.01, 4.37114e-10, 0, 0, 0)

[node name="Skeleton3D" parent="Armature" index="0"]
bones/0/position = Vector3(0.349808, 0.0371196, -89.1879)
bones/0/rotation = Quaternion(-0.692144, -0.38804, 0.253107, 0.553443)
bones/1/position = Vector3(-9.53674e-07, 10.7299, -1.09031)
bones/1/rotation = Quaternion(0.0525602, -0.000313701, 0.0482662, 0.997451)
bones/2/rotation = Quaternion(0.0949128, 0.00552038, 0.0422449, 0.994573)
bones/3/rotation = Quaternion(0.125016, 0.00929927, 0.0411655, 0.991257)
bones/4/position = Vector3(-4.47035e-06, 16.1777, 8.36535e-06)
bones/4/rotation = Quaternion(0.0725315, 0.0486093, 0.00189574, 0.996179)
bones/5/rotation = Quaternion(-0.000812345, 0.319378, -0.0540287, 0.946085)
bones/7/position = Vector3(6.80218, 14.5842, -0.154059)
bones/7/rotation = Quaternion(-0.708363, -0.358764, 0.419701, -0.43973)
bones/8/position = Vector3(3.78292e-06, 14.2808, -6.83598e-07)
bones/8/rotation = Quaternion(0.331149, -0.341587, 0.0138664, 0.879469)
bones/9/position = Vector3(-1.06127e-06, 23.1803, -4.02119e-06)
bones/9/rotation = Quaternion(0.747898, -0.386776, 0.456556, 0.28742)
bones/10/position = Vector3(1.24895e-05, 25.2709, 1.57061e-05)
bones/10/rotation = Quaternion(-0.191352, -0.300913, 0.143421, 0.923183)
bones/11/position = Vector3(-3.01791, 3.39407, 1.37123)
bones/11/rotation = Quaternion(0.23734, 0.066, 0.129175, 0.960535)
bones/12/position = Vector3(-0.645943, 3.74001, 2.10606e-06)
bones/12/rotation = Quaternion(0.00570526, -0.00330541, -0.0281961, 0.999581)
bones/13/position = Vector3(0.0616877, 3.31295, 1.07947e-05)
bones/13/rotation = Quaternion(-0.138639, -0.0665822, 0.30695, 0.939217)
bones/14/position = Vector3(0.584239, 2.58979, -2.14577e-06)
bones/15/position = Vector3(-3.63741, 10.5697, 0.0969019)
bones/15/rotation = Quaternion(0.167517, 0.0910839, 0.0412311, 0.980786)
bones/16/position = Vector3(0.0158322, 3.05465, 1.14819e-05)
bones/16/rotation = Quaternion(0.244812, -0.000270205, -0.0360003, 0.968902)
bones/17/position = Vector3(-0.00727582, 3.03952, -3.89834e-06)
bones/17/rotation = Quaternion(0.24559, 0.000680131, -0.0328415, 0.968817)
bones/19/position = Vector3(-1.05067, 10.5765, -0.192574)
bones/19/rotation = Quaternion(0.166496, 0.096947, 0.0447381, 0.980244)
bones/20/position = Vector3(0.0178753, 3.50016, -3.05908e-06)
bones/20/rotation = Quaternion(0.386828, 0.000161964, -0.056226, 0.920436)
bones/21/position = Vector3(-0.0201732, 3.27508, -1.39467e-06)
bones/21/rotation = Quaternion(0.371063, 0.0011326, -0.0456958, 0.927482)
bones/22/position = Vector3(0.00229114, 2.95613, -2.89083e-06)
bones/23/position = Vector3(1.25329, 10.74, -0.254797)
bones/23/rotation = Quaternion(0.146446, 0.0121077, 0.0405295, 0.988314)
bones/24/position = Vector3(-0.0103419, 2.84327, -5.27168e-06)
bones/24/rotation = Quaternion(0.561004, 0.00251291, -0.0821396, 0.823724)
bones/25/position = Vector3(-0.0152619, 2.75189, -2.20486e-06)
bones/25/rotation = Quaternion(0.281039, 0.0185422, -0.0977066, 0.954529)
bones/26/position = Vector3(0.0256031, 2.29949, -3.0715e-06)
bones/27/position = Vector3(3.43479, 9.64603, -0.0739639)
bones/27/rotation = Quaternion(0.051811, -0.0738935, 0.0376269, 0.995208)
bones/28/position = Vector3(-0.00136316, 2.63428, -2.15037e-06)
bones/28/rotation = Quaternion(0.430877, 0.00131834, -0.0651685, 0.900054)
bones/29/position = Vector3(-0.0140804, 2.23286, -1.87264e-05)
bones/29/rotation = Quaternion(0.272701, -0.000462555, -0.0325167, 0.961549)
bones/30/position = Vector3(0.01544, 1.78888, -7.15256e-07)
bones/31/rotation = Quaternion(0.61242, -0.4807, 0.423803, 0.462882)
bones/32/position = Vector3(1.18532e-05, 14.2808, -1.20547e-06)
bones/32/rotation = Quaternion(0.192468, -0.0833178, -0.349806, 0.913044)
bones/33/position = Vector3(2.1542e-06, 23.1804, -6.98622e-06)
bones/33/rotation = Quaternion(0.21954, 0.16654, -0.876079, 0.395667)
bones/34/position = Vector3(-4.52783e-06, 25.2712, -6.93936e-06)
bones/34/rotation = Quaternion(-0.134626, 0.0682622, 0.146609, 0.97761)
bones/35/position = Vector3(2.93964, 3.37807, 1.29254)
bones/35/rotation = Quaternion(0.179478, -0.198502, -0.152548, 0.951375)
bones/36/position = Vector3(0.626388, 3.6757, 5.90798e-06)
bones/36/rotation = Quaternion(-0.0032608, 0.0204937, 0.116444, 0.99298)
bones/37/position = Vector3(0.0517073, 3.41285, -1.98924e-06)
bones/37/rotation = Quaternion(-0.144762, 0.0165483, 0.0961582, 0.984644)
bones/38/position = Vector3(-0.678091, 2.72091, 5.84126e-06)
bones/39/position = Vector3(3.57558, 10.5957, 0.108991)
bones/39/rotation = Quaternion(0.037742, -0.00241641, -0.00306934, 0.99928)
bones/40/rotation = Quaternion(0.100348, 5.77812e-05, 0.0135638, 0.99486)
bones/41/position = Vector3(0.00662565, 2.95661, 9.72085e-06)
bones/41/rotation = Quaternion(0.287968, -0.000781009, 0.029556, 0.957183)
bones/42/position = Vector3(0.00860023, 2.57242, 5.1856e-06)
bones/43/position = Vector3(1.10391, 10.4521, -0.129126)
bones/43/rotation = Quaternion(-0.00315324, -0.0315825, 0.0498973, 0.99825)
bones/44/position = Vector3(-0.0241421, 3.45699, 6.11287e-06)
bones/44/rotation = Quaternion(0.779276, 0.00143036, 0.0804457, 0.621495)
bones/45/position = Vector3(0.0100618, 3.35315, -6.30378e-06)
bones/45/rotation = Quaternion(0.579933, -0.0022025, 0.0581948, 0.81258)
bones/46/position = Vector3(0.014066, 2.96797, -1.22339e-05)
bones/47/position = Vector3(-1.28102, 10.7278, -0.269794)
bones/47/rotation = Quaternion(0.0888416, 0.116262, 0.0516599, 0.987887)
bones/48/position = Vector3(0.00852364, 2.89773, 5.27833e-06)
bones/48/rotation = Quaternion(0.833988, -0.00253231, 0.0955162, 0.543447)
bones/49/position = Vector3(0.00857512, 2.73273, -3.19918e-06)
bones/49/rotation = Quaternion(0.630967, 0.00151827, 0.0682973, 0.772796)
bones/50/position = Vector3(-0.0171026, 2.31146, -2.17557e-06)
bones/51/position = Vector3(-3.39853, 9.46554, 0.0374083)
bones/51/rotation = Quaternion(0.0427169, 0.156687, 0.0328953, 0.986176)
bones/52/position = Vector3(-0.00620282, 2.60614, -6.5461e-06)
bones/52/rotation = Quaternion(0.727977, -0.00164371, 0.0813749, 0.680753)
bones/53/position = Vector3(0.0167519, 2.28164, 2.44383e-06)
bones/53/rotation = Quaternion(0.622372, -0.00067568, 0.0617865, 0.780279)
bones/54/position = Vector3(-0.0105506, 1.92128, -1.07288e-05)
bones/55/rotation = Quaternion(0.133509, 0.101133, 0.967915, -0.187317)
bones/56/rotation = Quaternion(-0.274598, -0.111523, 0.00639445, 0.955049)
bones/57/rotation = Quaternion(0.468695, -0.02272, -0.0299798, 0.882559)
bones/58/rotation = Quaternion(0.328084, -0.0710657, 0.0263644, 0.941603)
bones/60/rotation = Quaternion(-0.213773, 0.00716937, 0.970031, 0.115283)
bones/61/rotation = Quaternion(-0.281736, 0.0124634, -0.00939198, 0.959365)
bones/62/rotation = Quaternion(0.561667, 0.0130509, 0.0432642, 0.826128)
bones/63/rotation = Quaternion(0.295445, 0.0892599, -0.000323606, 0.951181)

[node name="righthand" type="BoneAttachment3D" parent="Armature/Skeleton3D" index="1"]
transform = Transform3D(-0.18419, 0.0835729, 0.979331, -0.199492, 0.972461, -0.120507, -0.962432, -0.217565, -0.162446, -19.4158, 0.893465, -127.573)
bone_name = "mixamorig_RightHand"
bone_idx = 34

[node name="Pistol_Full_West2" parent="Armature/Skeleton3D/righthand" index="0" instance=ExtResource("4_02yde")]
transform = Transform3D(15.5427, 96.2433, 22.2632, 4.91087, 21.7564, -97.481, -98.6626, 16.2445, -1.34487, 4.96468, 12.0025, 2.40271)

[node name="Rifle_Battle_West2" parent="Armature/Skeleton3D/righthand" index="1" instance=ExtResource("5_yu0gr")]
transform = Transform3D(14.8703, 96.2433, 22.7179, 7.82267, 21.7564, -97.2906, -98.5783, 16.2445, -4.29359, 3.25519, 19.2201, 1.94936)

[node name="head" type="BoneAttachment3D" parent="Armature/Skeleton3D" index="2"]
transform = Transform3D(0.938477, -0.336446, -0.0778767, 0.14172, 0.169565, 0.975276, -0.314923, -0.926311, 0.206814, -5.86139, -0.293253, -146.111)
bone_name = "mixamorig_Head"
bone_idx = 5

[node name="Gun" parent="Armature/Skeleton3D/head" index="0" instance=ExtResource("2_abj5j")]
transform = Transform3D(-93.7947, 31.5515, -14.3892, 33.742, 92.6104, -16.8755, 8.00147, -20.6835, -97.5098, -1.01406, -2.08833, 8.28689)

[node name="headArea" type="Area3D" parent="Armature/Skeleton3D/head" index="1" groups=["enemy"]]
transform = Transform3D(1, 2.14204e-07, 0, 1.49012e-07, 1, -5.96046e-08, -5.96046e-08, 4.47035e-08, 1, 0.725315, 9.55963, 5.35535)
script = ExtResource("6_cbsr7")

[node name="CollisionShape3D" type="CollisionShape3D" parent="Armature/Skeleton3D/head/headArea" index="0"]
shape = SubResource("CapsuleShape3D_m0on2")

[node name="torso" type="BoneAttachment3D" parent="Armature/Skeleton3D" index="3"]
transform = Transform3D(0.5986, -0.0851128, -0.796513, 0.794925, -0.0595905, 0.603774, -0.0988535, -0.994588, 0.0319873, 5.43817, -2.82289, -111.659)
bone_name = "mixamorig_Spine1"
bone_idx = 2

[node name="torsoArea" type="Area3D" parent="Armature/Skeleton3D/torso" index="0" groups=["enemy"]]
script = ExtResource("6_cbsr7")

[node name="CollisionShape3D" type="CollisionShape3D" parent="Armature/Skeleton3D/torso/torsoArea" index="0"]
transform = Transform3D(0.997726, -0.0668131, -0.00888437, 0.0657039, 0.993509, -0.0928645, 0.015031, 0.0920695, 0.995639, -1.02548, 2.95206, 2.90517)
shape = SubResource("CapsuleShape3D_ja1y8")

[node name="upperArmRight" type="BoneAttachment3D" parent="Armature/Skeleton3D" index="4"]
transform = Transform3D(0.0581806, -0.566065, 0.822305, 0.992718, -0.0542276, -0.107567, 0.105482, 0.822575, 0.558787, -13.9999, -18.2625, -133.891)
bone_name = "mixamorig_RightArm"
bone_idx = 32

[node name="upperArmRightArea" type="Area3D" parent="Armature/Skeleton3D/upperArmRight" index="0" groups=["enemy"]]
script = ExtResource("6_cbsr7")

[node name="CollisionShape3D" type="CollisionShape3D" parent="Armature/Skeleton3D/upperArmRight/upperArmRightArea" index="0"]
transform = Transform3D(0.999999, 0, -1.49012e-08, 3.35276e-08, 1, 1.92318e-07, 3.72529e-08, -4.09782e-08, 1, 0.534859, 7.8612, 1.00337)
shape = SubResource("CapsuleShape3D_8cy76")

[node name="upperArmLeft" type="BoneAttachment3D" parent="Armature/Skeleton3D" index="5"]
transform = Transform3D(0.773185, 0.288508, -0.564755, -0.62268, 0.514194, -0.589808, 0.12023, 0.807693, 0.577216, 9.3619, 14.4864, -137.242)
bone_name = "mixamorig_LeftArm"
bone_idx = 8

[node name="upperArmLeftArea" type="Area3D" parent="Armature/Skeleton3D/upperArmLeft" index="0" groups=["enemy"]]
script = ExtResource("6_cbsr7")

[node name="CollisionShape3D" type="CollisionShape3D" parent="Armature/Skeleton3D/upperArmLeft/upperArmLeftArea" index="0"]
transform = Transform3D(0.973245, -0.19136, -0.127172, 0.194897, 0.980695, 0.015861, 0.121682, -0.0402218, 0.991753, 0.626633, 6.78848, 1.83237)
shape = SubResource("CapsuleShape3D_qgw32")

[node name="lowerArmRight" type="BoneAttachment3D" parent="Armature/Skeleton3D" index="6"]
transform = Transform3D(-0.107998, 0.304922, 0.946234, -0.497017, 0.807756, -0.317025, -0.860994, -0.504532, 0.0643154, -27.1215, -19.5195, -114.823)
bone_name = "mixamorig_RightForeArm"
bone_idx = 33

[node name="lowerArmRightArea" type="Area3D" parent="Armature/Skeleton3D/lowerArmRight" index="0" groups=["enemy"]]
script = ExtResource("6_cbsr7")

[node name="CollisionShape3D" type="CollisionShape3D" parent="Armature/Skeleton3D/lowerArmRight/lowerArmRightArea" index="0"]
transform = Transform3D(1, 0, 1.49012e-08, 0, 1, 2.98023e-08, 0, 0, 1, 0.455124, 15.1954, -0.03965)
shape = SubResource("CapsuleShape3D_23l26")

[node name="lowerArmLeft" type="BoneAttachment3D" parent="Armature/Skeleton3D" index="7"]
transform = Transform3D(-0.382914, -0.848104, 0.366192, -0.873248, 0.202998, -0.442978, 0.301355, -0.4894, -0.818336, 16.0496, 26.4055, -118.519)
bone_name = "mixamorig_LeftForeArm"
bone_idx = 9

[node name="lowerArmLeftArea" type="Area3D" parent="Armature/Skeleton3D/lowerArmLeft" index="0" groups=["enemy"]]
script = ExtResource("6_cbsr7")

[node name="CollisionShape3D" type="CollisionShape3D" parent="Armature/Skeleton3D/lowerArmLeft/lowerArmLeftArea" index="0"]
transform = Transform3D(0.999983, 0.00529736, 0.00246522, -0.00532272, 0.999931, 0.0104638, -0.0024097, -0.0104767, 0.999942, 0.224068, 12.6582, 0.200951)
shape = SubResource("CapsuleShape3D_abp65")

[node name="upperLegRight" type="BoneAttachment3D" parent="Armature/Skeleton3D" index="8"]
transform = Transform3D(-0.121966, -0.351944, -0.928046, -0.977141, -0.121509, 0.174498, -0.17418, 0.928101, -0.329077, -5.80543, -6.81844, -84.0217)
bone_name = "mixamorig_RightUpLeg"
bone_idx = 60

[node name="upperLegRightArea" type="Area3D" parent="Armature/Skeleton3D/upperLegRight" index="0" groups=["enemy"]]
script = ExtResource("6_cbsr7")

[node name="CollisionShape3D" type="CollisionShape3D" parent="Armature/Skeleton3D/upperLegRight/upperLegRightArea" index="0"]
transform = Transform3D(0.999958, 0.00766164, 0.005098, -0.00743948, 0.999079, -0.0423014, -0.0054173, 0.0422609, 0.999093, -0.684204, 17.2114, -1.68569)
shape = SubResource("CapsuleShape3D_08prb")

[node name="upperLegLeft" type="BoneAttachment3D" parent="Armature/Skeleton3D" index="9"]
transform = Transform3D(-0.827686, -0.125018, -0.547082, -0.533056, 0.479916, 0.696799, 0.175441, 0.868362, -0.463862, 4.27516, 7.31125, -82.5962)
bone_name = "mixamorig_LeftUpLeg"
bone_idx = 55

[node name="upperLegLeftArea" type="Area3D" parent="Armature/Skeleton3D/upperLegLeft" index="0" groups=["enemy"]]
script = ExtResource("6_cbsr7")

[node name="CollisionShape3D" type="CollisionShape3D" parent="Armature/Skeleton3D/upperLegLeft/upperLegLeftArea" index="0"]
transform = Transform3D(1, 0, -2.98023e-07, 0, 1, -2.08616e-07, -2.98023e-08, 0, 1, -1.3068, 20.2617, -2.65313)
shape = SubResource("CapsuleShape3D_jc5t0")

[node name="lowerLegRight" type="BoneAttachment3D" parent="Armature/Skeleton3D" index="10"]
transform = Transform3D(-0.0958111, 0.204544, -0.974162, -0.976871, -0.207314, 0.0525475, -0.19121, 0.956653, 0.21967, -19.9343, -11.6964, -46.7628)
bone_name = "mixamorig_RightLeg"
bone_idx = 61

[node name="lowerLegRightArea" type="Area3D" parent="Armature/Skeleton3D/lowerLegRight" index="0" groups=["enemy"]]
script = ExtResource("6_cbsr7")

[node name="CollisionShape3D" type="CollisionShape3D" parent="Armature/Skeleton3D/lowerLegRight/lowerLegRightArea" index="0"]
transform = Transform3D(1, 2.98023e-08, 7.45058e-08, 0, 1, 1.7602e-07, 4.84288e-08, -6.51926e-09, 1, -0.238188, 15.4053, 0.855664)
shape = SubResource("CapsuleShape3D_13uwq")

[node name="lowerLegLeft" type="BoneAttachment3D" parent="Armature/Skeleton3D" index="11"]
transform = Transform3D(-0.930832, 0.140991, -0.337144, -0.338512, 0.0148927, 0.940842, 0.137671, 0.989899, 0.0338669, -0.743576, 26.577, -47.7366)
bone_name = "mixamorig_LeftLeg"
bone_idx = 56

[node name="lowerLegLeftArea" type="Area3D" parent="Armature/Skeleton3D/lowerLegLeft" index="0" groups=["enemy"]]
script = ExtResource("6_cbsr7")

[node name="CollisionShape3D" type="CollisionShape3D" parent="Armature/Skeleton3D/lowerLegLeft/lowerLegLeftArea" index="0"]
transform = Transform3D(1, -4.23752e-08, 5.96046e-08, -3.95812e-08, 1, 6.51926e-09, 0, 4.65661e-09, 1, -0.118213, 17.3128, 0.8953)
shape = SubResource("CapsuleShape3D_umu1d")

[node name="alertTimer" type="Timer" parent="." index="2"]
wait_time = 5.0
one_shot = true

[node name="sight1" type="RayCast3D" parent="." index="3"]
transform = Transform3D(-1, -3.09199e-07, 1.86265e-06, 2.98023e-08, 1, -3.8743e-07, -1.61678e-06, -3.72529e-07, -1, 0.0610936, 1.44682, 1.37603e-07)
target_position = Vector3(0, 0, 40)
debug_shape_custom_color = Color(0, 1, 1, 1)

[node name="sight2" type="RayCast3D" parent="." index="4"]
transform = Transform3D(-0.926495, -3.09199e-07, 0.376306, 4.84288e-08, 1, 0, -0.376307, -3.72529e-07, -0.926495, 0.0610937, 1.44682, 1.52504e-07)
target_position = Vector3(0, 0, 40)
debug_shape_custom_color = Color(0, 1, 1, 1)

[node name="sight5" type="RayCast3D" parent="." index="5"]
transform = Transform3D(-0.985618, -3.09199e-07, 0.16899, -1.13621e-07, 1, -4.47035e-08, -0.16899, -3.72529e-07, -0.985618, 0.0610937, 1.44682, 1.52504e-07)
target_position = Vector3(0, 0, 40)
debug_shape_custom_color = Color(0, 1, 1, 1)

[node name="sight3" type="RayCast3D" parent="." index="6"]
transform = Transform3D(-0.955325, -3.09199e-07, -0.295556, 3.27826e-07, 1, -3.8743e-07, 0.295557, -3.72529e-07, -0.955325, 0.0610937, 1.44682, 1.52504e-07)
target_position = Vector3(0, 0, 40)
debug_shape_custom_color = Color(0, 1, 1, 1)

[node name="sight4" type="RayCast3D" parent="." index="7"]
transform = Transform3D(-0.990207, -3.09199e-07, -0.139604, -7.59959e-07, 1, -2.23517e-07, 0.139604, -3.72529e-07, -0.990207, 0.0610937, 1.44682, 2.49362e-07)
target_position = Vector3(0, 0, 40)
debug_shape_custom_color = Color(0, 1, 1, 1)

[node name="FireTimer" type="Timer" parent="." index="8"]
one_shot = true

[connection signal="current_animation_changed" from="AnimationPlayer" to="." method="_on_animation_player_current_animation_changed"]
[connection signal="timeout" from="alertTimer" to="." method="_on_noise_alert_timer_timeout"]
[connection signal="timeout" from="FireTimer" to="." method="_on_fire_timer_timeout"]
